[[[213 214 219]
  [211 214 221]
  [209 213 222]
  ...
  [206 211 215]
  [206 211 215]
  [206 211 215]]

 [[210 213 218]
  [209 212 217]
  [207 211 220]
  ...
  [206 211 215]
  [206 211 215]
  [206 211 215]]

 [[210 214 217]
  [209 212 217]
  [206 211 217]
  ...
  [206 211 215]
  [206 211 215]
  [206 211 215]]

 ...

 [[154 144 153]
  [144 131 138]
  [133 117 120]
  ...
  [177 144 109]
  [175 142 107]
  [174 141 106]]

 [[158 148 157]
  [156 143 150]
  [156 140 143]
  ...
  [178 145 110]
  [175 142 107]
  [174 141 106]]

 [[165 155 164]
  [167 154 161]
  [171 155 158]
  ...
  [178 145 110]
  [176 143 108]
  [174 141 106]]]